"title","description","url","license","image_views","creation_time.formatted","modification_time.formatted","geo_data.latitude","geo_data.longitude","geo_data_exif.latitude","geo_data_exif.longitude","tags","people.name","people.email","comments.comment","comments.user_id","comments.email","media_key","hex_photo_id","upload_ip","status","liking_user_ids","album_id","exif.camera_make","exif.camera_model","exif.cell_width","exif.cell_length"
"453_20505_375297.jpg","","https://lh3.googleusercontent.com/-TIMPiOdOjvE/URcfUxHlc-I/AAAAAAAAFl0/Mj5o9Nl9dDQT9xF5GDNlA6qubmL7vkdVgCLABGAYYCw/s0-d/453_20505_375297.jpg","","108","Feb 10, 2013, 4:17:23 AM UTC","Aug 18, 2016, 11:16:59 PM UTC","0.0","0.0","0.0","0.0","","","","","","","","","","","","","","","0","0"
