"title","description","url","license","image_views","creation_time.formatted","modification_time.formatted","geo_data.latitude","geo_data.longitude","geo_data_exif.latitude","geo_data_exif.longitude","tags","people.name","people.email","comments.comment","comments.user_id","comments.email","media_key","hex_photo_id","upload_ip","status","liking_user_ids","album_id","exif.camera_make","exif.camera_model","exif.cell_width","exif.cell_length"
"p625372019-3.jpg","","https://lh3.googleusercontent.com/-wg7KnrRrUe8/US3yb0SpmPI/AAAAAAAAF54/w8A1JrEwpzQD2mT1oQBNhsfxY-GSgwOmwCLABGAYYCw/s0-d/p625372019-3.jpg","","0","Feb 27, 2013, 11:47:59 AM UTC","Feb 11, 2016, 1:02:20 PM UTC","0.0","0.0","0.0","0.0","","","","","","","","","","","","","","","0","0"
