"title","description","url","license","image_views","creation_time.formatted","modification_time.formatted","geo_data.latitude","geo_data.longitude","geo_data_exif.latitude","geo_data_exif.longitude","tags","people.name","people.email","comments.comment","comments.user_id","comments.email","media_key","hex_photo_id","upload_ip","status","liking_user_ids","album_id","exif.camera_make","exif.camera_model","exif.cell_width","exif.cell_length"
"Riemann zeta function.jpg","Riemann zeta function","https://lh3.googleusercontent.com/-Xl-H-KrZeDE/W7CmHE3EQpI/AAAAAAAAYh4/Zx9D3hPIkhYCLtSk6cCz2UanzifPFoLZgCLABGAYYCw/s0-d/Riemann%2Bzeta%2Bfunction.jpg","","0","Sep 30, 2018, 10:31:56 AM UTC","Oct 19, 2018, 6:18:34 AM UTC","0.0","0.0","0.0","0.0","","","","<a href=""https://www.youtube.com/watch?v=sD0NjbwqlYw"" data-embed=""COICCNICCNACCM8CCAASK2h0dHBzOi8vd3d3LnlvdXR1YmUuY29tL3dhdGNoP3Y9c0QwTmpid3FsWXcyJEFPbCtYZStYLytJa3dud29GRHI2RUlhbHhSOVhiUjMwUlE9PTqOAQjvnajQ4iwSK2h0dHBzOi8vd3d3LnlvdXR1YmUuY29tL3dhdGNoP3Y9c0QwTmpid3FsWXcaK2h0dHBzOi8vd3d3LnlvdXR1YmUuY29tL3dhdGNoP3Y9c0QwTmpid3FsWXciK2h0dHBzOi8vd3d3LnlvdXR1YmUuY29tL3dhdGNoP3Y9c0QwTmpid3FsWXfqzo6dAaQHCitodHRwczovL3d3dy55b3V0dWJlLmNvbS93YXRjaD92PXNEME5qYndxbFl3EjRodHRwczovL2kueXRpbWcuY29tL3ZpL3NEME5qYndxbFl3L21heHJlc2RlZmF1bHQuanBnGjxWaXN1YWxpemluZyB0aGUgUmllbWFubiBoeXBvdGhlc2lzIGFuZCBhbmFseXRpYyBjb250aW51YXRpb25CmgEI3gIIzwIIABI1aHR0cHM6Ly93d3cueW91dHViZS5jb20vd2F0Y2g_dj1zRDBOamJ3cWxZdyNfX3NpZD1tZDE6GioYaHR0cDovL3NjaGVtYS5vcmcvUGVyc29uooO3nAE5CjdodHRwOi8vd3d3LnlvdXR1YmUuY29tL2NoYW5uZWwvVUNZT19qYWJfZXN1RlJWNGIxN0FKdEF3QqgBCN4CCM8CCAASNWh0dHBzOi8vd3d3LnlvdXR1YmUuY29tL3dhdGNoP3Y9c0QwTmpid3FsWXcjX19zaWQ9bWQyOhoqGGh0dHA6Ly9zY2hlbWEub3JnL1BlcnNvbqKDt5wBRwotaHR0cHM6Ly9wbHVzLmdvb2dsZS5jb20vMTEzNzc5ODEwOTQ2ODU4NDg5MDQ52gEVMTEzNzc5ODEwOTQ2ODU4NDg5MDQ5mgEEMTI4MKIBAzcyMLoBKWh0dHBzOi8vd3d3LnlvdXR1YmUuY29tL2VtYmVkL3NEME5qYndxbFl3iAQBkgQpaHR0cHM6Ly93d3cueW91dHViZS5jb20vZW1iZWQvc0QwTmpid3FsWXeaBAtIVE1MNSBGbGFzaKIECFBUMjJNMTFTuAQAygvDAQjTAgjSAgjQAgjPAggAEjRodHRwczovL2kueXRpbWcuY29tL3ZpL3NEME5qYndxbFl3L21heHJlc2RlZmF1bHQuanBnytTMmQF5CjRodHRwczovL2kueXRpbWcuY29tL3ZpL3NEME5qYndxbFl3L21heHJlc2RlZmF1bHQuanBnEjRodHRwczovL2kueXRpbWcuY29tL3ZpL3NEME5qYndxbFl3L21heHJlc2RlZmF1bHQuanBnmgEEMTI4MKIBAzcyMOILCUVkdWNhdGlvbvoLCjIwMTYtMTItMDmKDRhVQ1lPX2phYl9lc3VGUlY0YjE3QUp0QXeSDQtzRDBOamJ3cWxZd_oRK2h0dHBzOi8vd3d3LnlvdXR1YmUuY29tL3dhdGNoP3Y9c0QwTmpid3FsWXc"" data-attachment-render-hint=""2"" class=""ot-anchor"">https://www.youtube.com/watch?v=sD0NjbwqlYw</a>","","","","","","","","","","","0","0"
