"title","description","url","license","image_views","creation_time.formatted","modification_time.formatted","geo_data.latitude","geo_data.longitude","geo_data_exif.latitude","geo_data_exif.longitude","tags","people.name","people.email","comments.comment","comments.user_id","comments.email","media_key","hex_photo_id","upload_ip","status","liking_user_ids","album_id","exif.camera_make","exif.camera_model","exif.cell_width","exif.cell_length"
"IMG_20141231_165608.jpg","暮色中的正阳门，箭楼依然美丽。无奈远处施工的吊车与如此美丽的画面极不和谐。","https://lh3.googleusercontent.com/-TKm1wHE6src/VM9kE4IaNrI/AAAAAAAAM3k/PSfkCeSISqgcGLPrRNjDOf4bYUMPD7tFgCLABGAYYCw/s0-d/IMG_20141231_165608.jpg","","3808","Feb 2, 2015, 11:48:35 AM UTC","Feb 5, 2019, 8:51:52 PM UTC","0.0","0.0","0.0","0.0","","","","","","","","","","","","","","","0","0"
